Frame size = 112x112
Frames = 16
Mean = [0.43216, 0.394666, 0.37645]
Std = [0.22803, 0.22145, 0.216989]
RF max_frames = 25
